[MFR]
Latitude = 37.5481160
Longitude = 126.9961166
Altitude = 244.0

[LaunchController]
IP = 127.0.0.1
Port = 9999

[Simulator]
Port = 9000

[Motor]
Device = /dev/ttyPS1
BaudRate = 9600
IP = 127.0.0.1
Port = 8080
